         0         0    0.5625
         0         0    0.6719
         0         0    0.7813
         0         0    0.8906
         0         0    1.0000
         0    0.2500    1.0000
         0    0.5000    1.0000
         0    0.7500    1.0000
         0    1.0000    1.0000
    0.1111    1.0000    0.8889
    0.2222    1.0000    0.7778
    0.3333    1.0000    0.6667
    0.4444    1.0000    0.5556
    0.5556    1.0000    0.4444
    0.6667    1.0000    0.3333
    0.7778    1.0000    0.2222
    0.8889    1.0000    0.1111
    1.0000    1.0000         0
    1.0000    0.9444         0
    1.0000    0.8889         0
    1.0000    0.8333         0
    1.0000    0.7778         0
    1.0000    0.7222         0
    1.0000    0.6667         0
    1.0000    0.6111         0
    1.0000    0.5556         0
    1.0000    0.5000         0
    1.0000    0.4444         0
    1.0000    0.3889         0
    1.0000    0.3333         0
    1.0000    0.2778         0
    1.0000    0.2222         0
    1.0000    0.1667         0
    1.0000    0.1111         0
    1.0000    0.0556         0
    1.0000         0         0
    0.9821         0         0
    0.9643         0         0
    0.9464         0         0
    0.9286         0         0
    0.9107         0         0
    0.8929         0         0
    0.8750         0         0
    0.8571         0         0
    0.8393         0         0
    0.8214         0         0
    0.8036         0         0
    0.7857         0         0
    0.7679         0         0
    0.7500         0         0
    0.7321         0         0
    0.7143         0         0
    0.6964         0         0
    0.6786         0         0
    0.6607         0         0
    0.6429         0         0
    0.6250         0         0
    0.6071         0         0
    0.5893         0         0
    0.5714         0         0
    0.5536         0         0
    0.5357         0         0
    0.5179         0         0
    0.5000         0         0